1
0
-1
0
0
1
0
-1
0
0
1
0
-1
0
0
1
0
-1
0
0
1
0
-1
0
0
1
0
-1
0
1
1
0
-1
-1
1
1
0
-1
-1
1
1
0
-1
-1
1
1
0
-1
-1
1
1
0
-1
-1
1
1
0
-1
-1
1
1
0
-1
-1
1
1
0
-1
-1
1
1
0
-1
-1
1
1
0
-2
-1
1
2
0
-2
-1
1
2
0
-2
-1
1
2
0
-2
-1
1
2
0
-2
-1
1
2
0
-2
-1
1
2
0
-2
-1
1
2
0
-2
-1
1
2
0
-2
-1
1
2
0
-2
-2
2
2
0
-3
-2
2
3
0
-3
-2
2
3
0
-3
-2
2
3
0
-3
-2
2
3
0
-3
-2
2
3
0
-3
-2
2
3
0
-3
-2
2
3
0
-3
-2
2
3
0
-4
-2
2
4
0
-4
-2
2
4
0
-4
-2
2
4
0
-4
-2
3
4
0
-4
-3
3
4
0
-4
-3
3
4
0
-4
-3
3
5
0
-5
-3
3
5
0
-5
-3
3
5
0
-5
-3
3
5
0
-5
-3
3
5
0
-5
-3
3
5
0
-6
-3
3
6
0
-6
-4
4
6
0
-6
-4
4
6
0
-6
-4
4
6
0
-6
-4
4
6
0
-6
-4
4
7
0
-7
-4
4
7
0
-7
-4
4
7
0
-7
-4
4
7
0
-7
-5
5
7
0
-8
-5
5
8
0
-8
-5
5
8
0
-8
-5
5
8
0
-8
-5
5
8
0
-9
-5
5
9
0
-9
-5
5
9
0
-9
-6
6
9
0
-9
-6
6
9
0
-10
-6
6
10
0
-10
-6
6
10
0
-10
-6
6
10
0
-10
-6
6
11
0
-11
-7
7
11
0
-11
-7
7
11
0
-11
-7
7
11
0
-12
-7
7
12
0
-12
-7
7
12
0
-12
-8
8
12
0
-12
-8
8
13
0
-13
-8
8
13
0
-13
-8
8
13
0
-13
-8
8
14
0
-14
-9
9
14
0
-14
-9
9
14
0
-15
-9
9
15
0
-15
-9
9
15
0
-15
-9
10
15
0
-16
-10
10
16
0
-16
-10
10
16
0
-16
-10
10
17
0
-17
-10
10
17
0
-17
-11
11
17
0
-18
-11
11
18
0
-18
-11
11
18
0
-18
-11
11
19
0
-19
-12
12
19
0
-19
-12
12
20
0
-20
-12
12
20
0
-20
-12
13
20
0
-21
-13
13
21
0
-21
-13
13
21
0
-22
-13
13
22
0
-22
-14
14
22
0
-22
-14
14
23
0
-23
-14
14
23
0
-23
-15
15
24
0
-24
-15
15
24
0
-24
-15
15
25
0
-25
-16
16
25
0
-26
-16
16
26
0
-26
-16
16
26
0
-27
-17
17
27
0
-27
-17
17
28
0
-28
-17
17
28
0
-28
-18
18
29
0
-29
-18
18
29
0
-29
-18
18
30
0
-30
-19
19
30
0
-31
-19
19
31
0
-31
-19
20
32
0
-32
-20
20
32
0
-33
-20
20
33
0
-33
-21
21
34
0
-34
-21
21
34
0
-35
-21
22
35
0
-35
-22
22
36
0
-36
-22
22
36
0
-37
-23
23
37
0
-37
-23
23
38
0
-38
-24
24
38
0
-39
-24
24
39
0
-39
-24
25
40
0
-40
-25
25
41
0
-41
-25
26
41
0
-42
-26
26
42
0
-43
-26
26
43
0
-43
-27
27
44
0
-44
-27
27
45
0
-45
-28
28
45
0
-46
-28
28
46
0
-47
-29
29
47
0
-47
-29
30
48
0
-48
-30
30
49
0
-49
-30
31
50
0
-50
-31
31
51
0
-51
-32
32
51
0
-52
-32
32
52
0
-53
-33
33
53
0
-54
-33
33
54
0
-55
-34
34
55
0
-56
-34
35
56
0
-57
-35
35
57
0
-58
-36
36
58
0
-59
-36
36
59
0
-60
-37
37
60
0
-61
-38
38
61
0
-62
-38
38
62
0
-63
-39
39
63
0
-64
-39
40
64
0
-65
-40
40
65
0
-66
-41
41
67
0
-67
-42
42
68
0
-68
-42
42
69
0
-69
-43
43
70
0
-70
-44
44
71
0
-72
-44
44
72
0
-73
-45
45
73
0
-74
-46
46
75
0
-75
-47
47
76
0
-76
-47
47
77
0
-78
-48
48
78
0
-79
-49
49
80
0
-80
-50
50
81
0
-81
-50
51
82
0
-83
-51
51
83
0
-84
-52
52
85
0
-85
-53
53
86
0
-87
-54
54
88
0
-88
-55
55
89
0
-89
-55
56
90
0
-91
-56
56
92
0
-92
-57
57
93
0
-94
-58
58
95
0
-95
-59
59
96
0
-97
-60
60
98
0
-98
-61
61
99
0
-100
-62
62
101
0
-101
-63
63
102
0
-103
-64
64
104
0
-104
-65
65
105
0
-106
-66
66
107
0
-107
-67
67
108
0
-109
-68
68
110
0
-111
-69
69
112
0
-112
-70
70
113
0
-114
-71
71
115
0
-116
-72
72
117
0
-117
-73
73
118
0
-119
-74
74
120
0
-121
-75
75
122
0
-123
-76
76
124
0
-125
-77
77
126
0
-126
-78
79
127
0
-128
-79
80
129
0
-130
-81
81
131
0
-132
-82
82
133
0
-134
-83
83
135
0
-136
-84
84
137
0
-138
-85
86
139
0
-140
-87
87
141
0
-142
-88
88
143
0
-144
-89
89
145
0
-146
-90
91
147
0
-148
-92
92
149
0
-150
-93
93
151
0
-152
-94
94
153
0
-154
-96
96
155
0
-156
-97
97
158
0
-159
-98
99
160
0
-161
-100
100
162
0
-163
-101
101
164
0
-165
-102
103
167
0
-168
-104
104
169
0
-170
-105
106
171
0
-172
-107
107
174
0
-175
-108
108
176
0
-177
-110
110
178
0
-179
-111
111
181
0
-182
-113
113
183
0
-184
-114
114
186
0
-187
-116
116
188
0
-189
-117
118
191
0
-192
-119
119
193
0
-194
-120
121
196
0
-197
-122
122
199
0
-200
-124
124
201
0
-202
-125
126
204
0
-205
-127
127
207
0
-208
-129
129
209
0
-211
-130
131
212
0
-213
-132
133
215
0
-216
-134
134
218
0
-219
-136
136
221
0
-222
-137
138
224
0
-225
-139
140
227
0
-228
-141
141
229
0
-231
-143
143
232
0
-234
-145
145
236
0
-237
-147
147
239
0
-240
-149
149
242
0
-243
-151
151
245
0
-246
-152
153
248
0
-249
-154
155
251
0
-252
-156
157
254
0
-256
-158
159
258
0
-259
-160
161
261
0
-262
-163
163
264
0
-266
-165
165
268
0
-269
-167
167
271
0
-272
-169
169
275
0
-276
-171
171
278
0
-279
-173
174
282
0
-283
-175
176
285
0
-287
-178
178
289
0
-290
-180
180
292
0
-294
-182
183
296
0
-298
-184
185
300
0
-301
-187
187
304
0
-305
-189
189
307
0
-309
-191
192
311
0
-313
-194
194
315
0
-317
-196
197
319
0
-321
-199
199
323
0
-325
-201
202
327
0
-329
-204
204
331
0
-333
-206
207
335
0
-337
-209
209
339
0
-341
-211
212
343
0
-345
-214
214
348
0
-349
-216
217
352
0
-354
-219
220
356
0
-358
-222
222
361
0
-363
-225
225
365
0
-367
-227
228
370
0
-371
-230
231
374
0
-376
-233
234
379
0
-381
-236
236
383
0
-385
-239
239
388
0
-390
-242
242
393
0
-395
-245
245
398
0
-400
-248
248
402
0
-404
-251
251
407
0
-409
-254
254
412
0
-414
-257
257
417
0
-419
-260
260
422
0
-424
-263
264
428
0
-430
-266
267
433
0
-435
-269
270
438
0
-440
-273
273
443
0
-445
-276
277
449
0
-451
-279
280
454
0
-456
-283
283
460
0
-462
-286
287
465
0
-467
-290
290
471
0
-473
-293
294
476
0
-479
-297
297
482
0
-485
-300
301
488
0
-490
-304
305
494
0
-496
-307
308
500
0
-502
-311
312
506
0
-508
-315
316
512
0
-515
-319
320
518
0
-521
-323
323
524
0
-527
-326
327
531
0
-533
-330
331
537
0
-540
-334
335
544
0
-546
-338
339
550
0
-553
-343
343
557
0
-560
-347
348
564
0
-566
-351
352
570
0
-573
-355
356
577
0
-580
-359
360
584
0
-587
-364
365
591
0
-594
-368
369
599
0
-601
-373
374
606
0
-609
-377
378
613
0
-616
-382
383
621
0
-624
-386
387
628
0
-631
-391
392
636
0
-639
-396
397
644
0
-647
-401
402
651
0
-655
-406
407
659
0
-663
-410
411
667
0
-671
-416
417
676
0
-679
-421
422
684
0
-687
-426
427
692
0
-696
-431
432
701
0
-704
-436
437
709
0
-713
-442
443
718
0
-722
-447
448
727
0
-731
-453
454
736
0
-740
-458
459
745
0
-749
-464
465
754
0
-758
-470
471
764
0
-767
-475
477
773
0
-777
-481
483
783
0
-787
-487
489
793
0
-797
-494
495
803
0
-807
-500
501
813
0
-817
-506
507
823
0
-827
-512
514
833
0
-837
-519
520
844
0
-848
-525
527
855
0
-859
-532
534
865
0
-870
-539
540
877
0
-881
-546
547
888
0
-892
-553
554
899
0
-904
-560
561
911
0
-915
-567
569
923
0
-927
-575
576
935
0
-939
-582
584
947
0
-952
-590
591
959
0
-964
-597
599
972
0
-977
-605
607
984
0
-990
-613
615
997
0
-1003
-621
623
1011
0
-1016
-630
631
1024
0
-1030
-638
640
1038
0
-1044
-647
648
1052
0
-1058
-655
657
1066
0
-1072
-664
666
1081
0
-1087
-673
675
1095
0
-1101
-683
684
1110
0
-1117
-692
694
1126
0
-1132
-702
703
1141
0
-1148
-711
713
1157
0
-1164
-721
723
1173
0
-1180
-731
733
1190
0
-1197
-742
744
1207
0
-1214
-752
754
1224
0
-1231
-763
765
1242
0
-1249
-774
776
1260
0
-1267
-785
788
1278
0
-1285
-797
799
1297
0
-1304
-808
811
1316
0
-1324
-820
823
1335
0
-1343
-833
835
1355
0
-1363
-845
848
1376
0
-1384
-858
861
1397
0
-1405
-871
874
1418
0
-1427
-884
887
1440
0
-1449
-898
901
1462
0
-1471
-912
915
1485
0
-1494
-926
929
1509
0
-1518
-941
944
1533
0
-1542
-956
959
1557
0
-1567
-972
975
1583
0
-1593
-988
991
1608
0
-1619
-1004
1007
1635
0
-1646
-1021
1024
1662
0
-1674
-1038
1041
1690
0
-1702
-1055
1059
1719
0
-1731
-1074
1077
1749
0
-1761
-1092
1096
1779
0
-1792
-1111
1115
1811
0
-1824
-1131
1135
1843
0
-1856
-1151
1156
1876
0
-1890
-1172
1177
1911
0
-1925
-1194
1198
1946
0
-1960
-1216
1221
1982
0
-1997
-1239
1244
2020
0
-2036
-1263
1268
2059
0
-2075
-1287
1292
2099
0
-2116
-1313
1318
2141
0
-2158
-1339
1344
2184
0
-2201
-1366
1371
2228
0
-2246
-1394
1400
2274
0
-2293
-1423
1429
2322
0
-2341
-1453
1459
2371
0
-2392
-1485
1491
2423
0
-2444
-1517
1524
2476
0
-2498
-1551
1558
2532
0
-2555
-1586
1593
2590
0
-2614
-1623
1630
2650
0
-2675
-1661
1669
2713
0
-2739
-1701
1709
2779
0
-2806
-1742
1751
2847
0
-2875
-1786
1795
2919
0
-2948
-1832
1841
2994
0
-3025
-1879
1889
3073
0
-3105
-1929
1940
3155
0
-3190
-1982
1993
3242
0
-3278
-2037
2049
3334
0
-3372
-2096
2108
3430
0
-3470
-2157
2170
3532
0
-3574
-2222
2236
3639
0
-3684
-2291
2305
3753
0
-3801
-2364
2379
3874
0
-3925
-2441
2458
4003
0
-4056
-2524
2541
4140
0
-4197
-2612
2630
4286
0
-4347
-2706
2725
4442
0
-4508
-2807
2828
4610
0
-4680
-2915
2937
4790
0
-4866
-3031
3056
4984
0
-5067
-3157
3184
5195
0
-5284
-3294
3322
5423
0
-5520
-3442
3473
5672
0
-5778
-3604
3639
5944
0
-6060
-3782
3820
6242
0
-6370
-3978
4019
6572
0
-6713
-4194
4240
6937
0
-7095
-4435
4487
7345
0
-7522
-4705
4763
7803
0
-8002
-5010
5075
8321
0
-8547
-5355
5430
8911
0
-9171
-5752
5838
9591
0
-9892
-6211
6312
10381
0
-10735
-6750
6869
11313
0
-11734
-7389
7532
12426
0
-12935
-8162
8336
13782
0
-14410
-9113
9331
15467
0
-16262
-10315
10595
17620
0
-18658
-11881
12253
20466
0
-21880
-14006
14525
24407
0
-26443
-17054
17829
30223
0
-33406
-21794
23076
39673
0
-45342
-30179
32695
57711
0
-70537
-49044
56051
105809
0
-158716
-130790
196186
634872
838861
634872
196186
-130790
-158716
0
105809
56051
-49044
-70537
0
57711
32695
-30179
-45342
0
39673
23076
-21794
-33406
0
30223
17829
-17054
-26443
0
24407
14525
-14006
-21880
0
20466
12253
-11881
-18658
0
17620
10595
-10315
-16262
0
15467
9331
-9113
-14410
0
13782
8336
-8162
-12935
0
12426
7532
-7389
-11734
0
11313
6869
-6750
-10735
0
10381
6312
-6211
-9892
0
9591
5838
-5752
-9171
0
8911
5430
-5355
-8547
0
8321
5075
-5010
-8002
0
7803
4763
-4705
-7522
0
7345
4487
-4435
-7095
0
6937
4240
-4194
-6713
0
6572
4019
-3978
-6370
0
6242
3820
-3782
-6060
0
5944
3639
-3604
-5778
0
5672
3473
-3442
-5520
0
5423
3322
-3294
-5284
0
5195
3184
-3157
-5067
0
4984
3056
-3031
-4866
0
4790
2937
-2915
-4680
0
4610
2828
-2807
-4508
0
4442
2725
-2706
-4347
0
4286
2630
-2612
-4197
0
4140
2541
-2524
-4056
0
4003
2458
-2441
-3925
0
3874
2379
-2364
-3801
0
3753
2305
-2291
-3684
0
3639
2236
-2222
-3574
0
3532
2170
-2157
-3470
0
3430
2108
-2096
-3372
0
3334
2049
-2037
-3278
0
3242
1993
-1982
-3190
0
3155
1940
-1929
-3105
0
3073
1889
-1879
-3025
0
2994
1841
-1832
-2948
0
2919
1795
-1786
-2875
0
2847
1751
-1742
-2806
0
2779
1709
-1701
-2739
0
2713
1669
-1661
-2675
0
2650
1630
-1623
-2614
0
2590
1593
-1586
-2555
0
2532
1558
-1551
-2498
0
2476
1524
-1517
-2444
0
2423
1491
-1485
-2392
0
2371
1459
-1453
-2341
0
2322
1429
-1423
-2293
0
2274
1400
-1394
-2246
0
2228
1371
-1366
-2201
0
2184
1344
-1339
-2158
0
2141
1318
-1313
-2116
0
2099
1292
-1287
-2075
0
2059
1268
-1263
-2036
0
2020
1244
-1239
-1997
0
1982
1221
-1216
-1960
0
1946
1198
-1194
-1925
0
1911
1177
-1172
-1890
0
1876
1156
-1151
-1856
0
1843
1135
-1131
-1824
0
1811
1115
-1111
-1792
0
1779
1096
-1092
-1761
0
1749
1077
-1074
-1731
0
1719
1059
-1055
-1702
0
1690
1041
-1038
-1674
0
1662
1024
-1021
-1646
0
1635
1007
-1004
-1619
0
1608
991
-988
-1593
0
1583
975
-972
-1567
0
1557
959
-956
-1542
0
1533
944
-941
-1518
0
1509
929
-926
-1494
0
1485
915
-912
-1471
0
1462
901
-898
-1449
0
1440
887
-884
-1427
0
1418
874
-871
-1405
0
1397
861
-858
-1384
0
1376
848
-845
-1363
0
1355
835
-833
-1343
0
1335
823
-820
-1324
0
1316
811
-808
-1304
0
1297
799
-797
-1285
0
1278
788
-785
-1267
0
1260
776
-774
-1249
0
1242
765
-763
-1231
0
1224
754
-752
-1214
0
1207
744
-742
-1197
0
1190
733
-731
-1180
0
1173
723
-721
-1164
0
1157
713
-711
-1148
0
1141
703
-702
-1132
0
1126
694
-692
-1117
0
1110
684
-683
-1101
0
1095
675
-673
-1087
0
1081
666
-664
-1072
0
1066
657
-655
-1058
0
1052
648
-647
-1044
0
1038
640
-638
-1030
0
1024
631
-630
-1016
0
1011
623
-621
-1003
0
997
615
-613
-990
0
984
607
-605
-977
0
972
599
-597
-964
0
959
591
-590
-952
0
947
584
-582
-939
0
935
576
-575
-927
0
923
569
-567
-915
0
911
561
-560
-904
0
899
554
-553
-892
0
888
547
-546
-881
0
877
540
-539
-870
0
865
534
-532
-859
0
855
527
-525
-848
0
844
520
-519
-837
0
833
514
-512
-827
0
823
507
-506
-817
0
813
501
-500
-807
0
803
495
-494
-797
0
793
489
-487
-787
0
783
483
-481
-777
0
773
477
-475
-767
0
764
471
-470
-758
0
754
465
-464
-749
0
745
459
-458
-740
0
736
454
-453
-731
0
727
448
-447
-722
0
718
443
-442
-713
0
709
437
-436
-704
0
701
432
-431
-696
0
692
427
-426
-687
0
684
422
-421
-679
0
676
417
-416
-671
0
667
411
-410
-663
0
659
407
-406
-655
0
651
402
-401
-647
0
644
397
-396
-639
0
636
392
-391
-631
0
628
387
-386
-624
0
621
383
-382
-616
0
613
378
-377
-609
0
606
374
-373
-601
0
599
369
-368
-594
0
591
365
-364
-587
0
584
360
-359
-580
0
577
356
-355
-573
0
570
352
-351
-566
0
564
348
-347
-560
0
557
343
-343
-553
0
550
339
-338
-546
0
544
335
-334
-540
0
537
331
-330
-533
0
531
327
-326
-527
0
524
323
-323
-521
0
518
320
-319
-515
0
512
316
-315
-508
0
506
312
-311
-502
0
500
308
-307
-496
0
494
305
-304
-490
0
488
301
-300
-485
0
482
297
-297
-479
0
476
294
-293
-473
0
471
290
-290
-467
0
465
287
-286
-462
0
460
283
-283
-456
0
454
280
-279
-451
0
449
277
-276
-445
0
443
273
-273
-440
0
438
270
-269
-435
0
433
267
-266
-430
0
428
264
-263
-424
0
422
260
-260
-419
0
417
257
-257
-414
0
412
254
-254
-409
0
407
251
-251
-404
0
402
248
-248
-400
0
398
245
-245
-395
0
393
242
-242
-390
0
388
239
-239
-385
0
383
236
-236
-381
0
379
234
-233
-376
0
374
231
-230
-371
0
370
228
-227
-367
0
365
225
-225
-363
0
361
222
-222
-358
0
356
220
-219
-354
0
352
217
-216
-349
0
348
214
-214
-345
0
343
212
-211
-341
0
339
209
-209
-337
0
335
207
-206
-333
0
331
204
-204
-329
0
327
202
-201
-325
0
323
199
-199
-321
0
319
197
-196
-317
0
315
194
-194
-313
0
311
192
-191
-309
0
307
189
-189
-305
0
304
187
-187
-301
0
300
185
-184
-298
0
296
183
-182
-294
0
292
180
-180
-290
0
289
178
-178
-287
0
285
176
-175
-283
0
282
174
-173
-279
0
278
171
-171
-276
0
275
169
-169
-272
0
271
167
-167
-269
0
268
165
-165
-266
0
264
163
-163
-262
0
261
161
-160
-259
0
258
159
-158
-256
0
254
157
-156
-252
0
251
155
-154
-249
0
248
153
-152
-246
0
245
151
-151
-243
0
242
149
-149
-240
0
239
147
-147
-237
0
236
145
-145
-234
0
232
143
-143
-231
0
229
141
-141
-228
0
227
140
-139
-225
0
224
138
-137
-222
0
221
136
-136
-219
0
218
134
-134
-216
0
215
133
-132
-213
0
212
131
-130
-211
0
209
129
-129
-208
0
207
127
-127
-205
0
204
126
-125
-202
0
201
124
-124
-200
0
199
122
-122
-197
0
196
121
-120
-194
0
193
119
-119
-192
0
191
118
-117
-189
0
188
116
-116
-187
0
186
114
-114
-184
0
183
113
-113
-182
0
181
111
-111
-179
0
178
110
-110
-177
0
176
108
-108
-175
0
174
107
-107
-172
0
171
106
-105
-170
0
169
104
-104
-168
0
167
103
-102
-165
0
164
101
-101
-163
0
162
100
-100
-161
0
160
99
-98
-159
0
158
97
-97
-156
0
155
96
-96
-154
0
153
94
-94
-152
0
151
93
-93
-150
0
149
92
-92
-148
0
147
91
-90
-146
0
145
89
-89
-144
0
143
88
-88
-142
0
141
87
-87
-140
0
139
86
-85
-138
0
137
84
-84
-136
0
135
83
-83
-134
0
133
82
-82
-132
0
131
81
-81
-130
0
129
80
-79
-128
0
127
79
-78
-126
0
126
77
-77
-125
0
124
76
-76
-123
0
122
75
-75
-121
0
120
74
-74
-119
0
118
73
-73
-117
0
117
72
-72
-116
0
115
71
-71
-114
0
113
70
-70
-112
0
112
69
-69
-111
0
110
68
-68
-109
0
108
67
-67
-107
0
107
66
-66
-106
0
105
65
-65
-104
0
104
64
-64
-103
0
102
63
-63
-101
0
101
62
-62
-100
0
99
61
-61
-98
0
98
60
-60
-97
0
96
59
-59
-95
0
95
58
-58
-94
0
93
57
-57
-92
0
92
56
-56
-91
0
90
56
-55
-89
0
89
55
-55
-88
0
88
54
-54
-87
0
86
53
-53
-85
0
85
52
-52
-84
0
83
51
-51
-83
0
82
51
-50
-81
0
81
50
-50
-80
0
80
49
-49
-79
0
78
48
-48
-78
0
77
47
-47
-76
0
76
47
-47
-75
0
75
46
-46
-74
0
73
45
-45
-73
0
72
44
-44
-72
0
71
44
-44
-70
0
70
43
-43
-69
0
69
42
-42
-68
0
68
42
-42
-67
0
67
41
-41
-66
0
65
40
-40
-65
0
64
40
-39
-64
0
63
39
-39
-63
0
62
38
-38
-62
0
61
38
-38
-61
0
60
37
-37
-60
0
59
36
-36
-59
0
58
36
-36
-58
0
57
35
-35
-57
0
56
35
-34
-56
0
55
34
-34
-55
0
54
33
-33
-54
0
53
33
-33
-53
0
52
32
-32
-52
0
51
32
-32
-51
0
51
31
-31
-50
0
50
31
-30
-49
0
49
30
-30
-48
0
48
30
-29
-47
0
47
29
-29
-47
0
46
28
-28
-46
0
45
28
-28
-45
0
45
27
-27
-44
0
44
27
-27
-43
0
43
26
-26
-43
0
42
26
-26
-42
0
41
26
-25
-41
0
41
25
-25
-40
0
40
25
-24
-39
0
39
24
-24
-39
0
38
24
-24
-38
0
38
23
-23
-37
0
37
23
-23
-37
0
36
22
-22
-36
0
36
22
-22
-35
0
35
22
-21
-35
0
34
21
-21
-34
0
34
21
-21
-33
0
33
20
-20
-33
0
32
20
-20
-32
0
32
20
-19
-31
0
31
19
-19
-31
0
30
19
-19
-30
0
30
18
-18
-29
0
29
18
-18
-29
0
29
18
-18
-28
0
28
17
-17
-28
0
28
17
-17
-27
0
27
17
-17
-27
0
26
16
-16
-26
0
26
16
-16
-26
0
25
16
-16
-25
0
25
15
-15
-24
0
24
15
-15
-24
0
24
15
-15
-23
0
23
14
-14
-23
0
23
14
-14
-22
0
22
14
-14
-22
0
22
13
-13
-22
0
21
13
-13
-21
0
21
13
-13
-21
0
20
13
-12
-20
0
20
12
-12
-20
0
20
12
-12
-19
0
19
12
-12
-19
0
19
11
-11
-18
0
18
11
-11
-18
0
18
11
-11
-18
0
17
11
-11
-17
0
17
10
-10
-17
0
17
10
-10
-16
0
16
10
-10
-16
0
16
10
-10
-16
0
15
10
-9
-15
0
15
9
-9
-15
0
15
9
-9
-15
0
14
9
-9
-14
0
14
9
-9
-14
0
14
8
-8
-13
0
13
8
-8
-13
0
13
8
-8
-13
0
13
8
-8
-12
0
12
8
-8
-12
0
12
7
-7
-12
0
12
7
-7
-12
0
11
7
-7
-11
0
11
7
-7
-11
0
11
7
-7
-11
0
11
6
-6
-10
0
10
6
-6
-10
0
10
6
-6
-10
0
10
6
-6
-10
0
9
6
-6
-9
0
9
6
-6
-9
0
9
5
-5
-9
0
9
5
-5
-9
0
8
5
-5
-8
0
8
5
-5
-8
0
8
5
-5
-8
0
8
5
-5
-8
0
7
5
-5
-7
0
7
4
-4
-7
0
7
4
-4
-7
0
7
4
-4
-7
0
7
4
-4
-6
0
6
4
-4
-6
0
6
4
-4
-6
0
6
4
-4
-6
0
6
4
-4
-6
0
6
3
-3
-6
0
5
3
-3
-5
0
5
3
-3
-5
0
5
3
-3
-5
0
5
3
-3
-5
0
5
3
-3
-5
0
5
3
-3
-4
0
4
3
-3
-4
0
4
3
-3
-4
0
4
3
-2
-4
0
4
2
-2
-4
0
4
2
-2
-4
0
4
2
-2
-4
0
3
2
-2
-3
0
3
2
-2
-3
0
3
2
-2
-3
0
3
2
-2
-3
0
3
2
-2
-3
0
3
2
-2
-3
0
3
2
-2
-3
0
3
2
-2
-3
0
2
2
-2
-2
0
2
1
-1
-2
0
2
1
-1
-2
0
2
1
-1
-2
0
2
1
-1
-2
0
2
1
-1
-2
0
2
1
-1
-2
0
2
1
-1
-2
0
2
1
-1
-2
0
2
1
-1
-2
0
1
1
-1
-1
0
1
1
-1
-1
0
1
1
-1
-1
0
1
1
-1
-1
0
1
1
-1
-1
0
1
1
-1
-1
0
1
1
-1
-1
0
1
1
-1
-1
0
1
1
-1
-1
0
1
1
0
-1
0
1
0
0
-1
0
1
0
0
-1
0
1
0
0
-1
0
1
0
0
-1
0
1
0
0
-1
0
1