-15
-15
-15
-16
-16
-16
14
14
14
6
6
6
-12
-12
-12
-9
-9
-9
6
6
6
-11
-11
-11
2
2
2
-5
-5
-5
-2
-2
-2
2
2
2
9
9
9
4
4
4
-1
-1
-1
-5
-5
-5
-1
-1
-1
-4
-4
-4
-6
-6
-6
-10
-10
-10
1
1
1
-15
-15
-15
5
5
5
13
13
13
4
4
4
1
1
1
0
0
0
6
6
6
-14
-14
-14
2
2
2
9
9
9
-1
-1
-1
-14
-14
-14
4
4
4
-13
-13
-13
6
6
6
16
16
16
7
7
7
-10
-10
-10
-9
-9
-9
5
5
5
11
11
11
2
2
2
-9
-9
-9
1
1
1
9
9
9
2
2
2
13
13
13
-1
-1
-1
14
14
14
11
11
11
-8
-8
-8
-6
-6
-6
16
16
16
-7
-7
-7
-7
-7
-7
8
8
8
1
1
1
-2
-2
-2
-9
-9
-9
13
13
13
-9
-9
-9
14
14
14
15
15
15
6
6
6
-13
-13
-13
13
13
13
11
11
11
-15
-15
-15
7
7
7
7
7
7
-8
-8
-8
-6
-6
-6
-2
-2
-2
-3
-3
-3
-15
-15
-15
-16
-16
-16
-16
-16
-16
6
6
6
-9
-9
-9
8
8
8
16
16
16
5
5
5
-10
-10
-10
6
6
6
-12
-12
-12
-1
-1
-1
7
7
7
1
1
1
2
2
2
4
4
4
4
4
4
15
15
15
7
7
7
16
16
16
7
7
7
-4
-4
-4
8
8
8
8
8
8
-11
-11
-11