-137
-11
-11
-12
-7
-10
-10
-9
-11
-10
-11
-12
-11
-12
-12
-12
-13
-13
-13
-14
-14
-15
-15
-15
-16
-16
-16
-17
-17
-17
-18
-18
-18
-19
-19
-19
-19
-20
-20
-20
-21
-21
-21
-21
-22
-22
-22
-22
-23
-23
-23
-24
-24
-24
-24
-24
-25
-25
-25
-25
-25
-26
-26
-26
-26
-26
-27
-27
-27
-27
-27
-27
-27
-27
-27
-28
-28
-28
-28
-28
-28
-28
-28
-28
-28
-28
-28
-28
-28
-27
-27
-27
-27
-27
-27
-27
-27
-26
-26
-26
-26
-25
-25
-25
-25
-24
-24
-24
-23
-23
-22
-22
-22
-21
-21
-20
-20
-19
-19
-18
-18
-17
-17
-16
-15
-15
-14
-13
-13
-12
-11
-11
-10
-9
-8
-8
-7
-6
-5
-4
-3
-3
-2
-1
0
1
2
3
4
5
6
7
8
9
10
11
12
13
14
16
17
18
19
20
21
22
24
25
26
27
28
30
31
32
33
35
36
37
38
40
41
42
43
45
46
47
48
50
51
52
53
55
56
57
58
60
61
62
63
65
66
67
68
69
71
72
73
74
75
76
77
78
80
81
82
83
84
85
86
87
88
89
90
90
91
92
93
94
95
95
96
97
98
98
99
100
100
101
101
102
102
103
103
103
104
104
104
105
105
105
105
105
106
106
106
106
106
106
106
105
105
105
105
104
104
104
103
103
102
102
101
101
100
99
99
98
97
96
96
95
94
93
92
91
90
88
87
86
85
84
82
81
80
78
77
75
74
72
70
69
67
65
64
62
60
58
56
55
53
51
49
47
45
42
40
38
36
34
32
29
27
25
23
20
18
16
13
11
8
6
4
1
-1
-4
-6
-9
-11
-14
-16
-19
-21
-24
-27
-29
-32
-34
-37
-39
-42
-44
-47
-49
-52
-55
-57
-60
-62
-64
-67
-69
-72
-74
-77
-79
-81
-84
-86
-88
-91
-93
-95
-97
-99
-102
-104
-106
-108
-110
-112
-114
-115
-117
-119
-121
-123
-124
-126
-128
-129
-131
-132
-133
-135
-136
-137
-139
-140
-141
-142
-143
-144
-145
-145
-146
-147
-147
-148
-149
-149
-149
-150
-150
-150
-150
-150
-150
-150
-150
-150
-150
-149
-149
-148
-148
-147
-146
-146
-145
-144
-143
-142
-141
-139
-138
-137
-135
-134
-132
-131
-129
-127
-126
-124
-122
-120
-118
-115
-113
-111
-109
-106
-104
-101
-98
-96
-93
-90
-87
-84
-81
-78
-75
-72
-69
-66
-62
-59
-55
-52
-48
-45
-41
-38
-34
-30
-26
-22
-19
-15
-11
-7
-3
1
5
9
14
18
22
26
30
35
39
43
47
52
56
60
65
69
73
78
82
86
91
95
99
103
108
112
116
121
125
129
133
137
141
145
149
153
157
161
165
169
173
177
180
184
188
191
195
198
202
205
208
211
215
218
221
224
226
229
232
235
237
240
242
244
246
248
250
252
254
256
258
259
261
262
263
264
265
266
267
268
269
269
269
270
270
270
270
270
269
269
269
268
267
266
265
264
263
262
260
259
257
255
253
251
249
247
244
242
239
236
233
230
227
224
221
217
213
210
206
202
198
194
190
185
181
176
171
167
162
157
152
146
141
136
130
125
119
113
107
102
96
90
83
77
71
64
58
52
45
38
32
25
18
11
4
-3
-10
-17
-24
-31
-38
-45
-52
-60
-67
-74
-81
-89
-96
-103
-110
-118
-125
-132
-140
-147
-154
-161
-169
-176
-183
-190
-197
-204
-211
-218
-225
-232
-239
-246
-252
-259
-265
-272
-278
-285
-291
-297
-303
-309
-315
-321
-327
-332
-338
-343
-348
-353
-358
-363
-368
-373
-377
-382
-386
-390
-394
-398
-402
-405
-409
-412
-415
-418
-421
-423
-426
-428
-430
-432
-434
-435
-437
-438
-439
-440
-440
-441
-441
-441
-441
-441
-441
-440
-439
-438
-437
-435
-434
-432
-430
-428
-425
-423
-420
-417
-414
-410
-407
-403
-399
-395
-390
-386
-381
-376
-371
-365
-360
-354
-348
-342
-335
-329
-322
-315
-308
-301
-294
-286
-278
-270
-262
-254
-245
-237
-228
-219
-210
-201
-191
-182
-172
-162
-153
-142
-132
-122
-111
-101
-90
-79
-69
-58
-46
-35
-24
-13
-1
10
22
34
45
57
69
81
93
105
117
129
141
153
165
177
190
202
214
226
238
250
262
274
286
298
310
322
334
346
357
369
380
392
403
414
426
437
448
458
469
480
490
500
510
521
530
540
550
559
568
577
586
594
603
611
619
627
635
642
649
656
663
669
675
681
687
692
698
702
707
712
716
719
723
726
729
732
734
736
738
740
741
742
742
742
742
742
741
740
739
737
735
732
730
727
723
720
715
711
706
701
696
690
684
677
671
664
656
648
640
632
623
614
604
594
584
574
563
552
540
529
516
504
491
478
465
451
437
423
409
394
379
363
348
332
315
299
282
265
248
230
213
195
177
158
140
121
102
83
63
44
24
4
-16
-37
-57
-77
-98
-119
-140
-161
-182
-203
-225
-246
-268
-289
-311
-332
-354
-376
-397
-419
-441
-463
-484
-506
-528
-549
-571
-593
-614
-635
-657
-678
-699
-720
-741
-761
-782
-802
-822
-842
-862
-882
-901
-921
-940
-958
-977
-995
-1013
-1031
-1048
-1066
-1082
-1099
-1115
-1131
-1147
-1162
-1177
-1191
-1205
-1219
-1232
-1245
-1257
-1269
-1281
-1292
-1303
-1313
-1323
-1332
-1341
-1349
-1357
-1365
-1371
-1378
-1383
-1389
-1393
-1397
-1401
-1404
-1406
-1408
-1409
-1410
-1410
-1409
-1408
-1406
-1404
-1400
-1397
-1392
-1387
-1381
-1375
-1368
-1360
-1352
-1343
-1333
-1323
-1312
-1300
-1287
-1274
-1260
-1246
-1231
-1215
-1198
-1180
-1162
-1143
-1124
-1104
-1083
-1061
-1038
-1015
-991
-967
-942
-916
-889
-862
-833
-805
-775
-745
-714
-682
-650
-617
-583
-549
-514
-478
-441
-404
-366
-328
-289
-249
-209
-168
-126
-84
-41
3
47
92
137
183
229
276
324
372
421
470
520
570
621
672
724
776
829
882
936
990
1044
1099
1155
1210
1266
1323
1380
1437
1494
1552
1611
1669
1728
1787
1846
1906
1965
2025
2086
2146
2206
2267
2328
2389
2450
2512
2573
2635
2696
2758
2819
2881
2943
3004
3066
3128
3189
3251
3312
3374
3435
3496
3557
3618
3679
3740
3800
3860
3920
3980
4039
4098
4157
4216
4274
4332
4390
4447
4504
4561
4617
4673
4728
4783
4838
4892
4945
4998
5051
5103
5155
5206
5256
5306
5355
5404
5452
5499
5546
5592
5638
5683
5727
5771
5813
5855
5897
5937
5977
6016
6055
6092
6129
6165
6201
6235
6269
6301
6333
6364
6395
6424
6452
6480
6507
6533
6558
6582
6605
6627
6648
6669
6688
6707
6724
6741
6756
6771
6785
6797
6809
6820
6830
6839
6847
6854
6860
6864
6868
6871
6873
6874
6874
6873
6871
6868
6864
6860
6854
6847
6839
6830
6820
6809
6797
6785
6771
6756
6741
6724
6707
6688
6669
6648
6627
6605
6582
6558
6533
6507
6480
6452
6424
6395
6364
6333
6301
6269
6235
6201
6165
6129
6092
6055
6016
5977
5937
5897
5855
5813
5771
5727
5683
5638
5592
5546
5499
5452
5404
5355
5306
5256
5206
5155
5103
5051
4998
4945
4892
4838
4783
4728
4673
4617
4561
4504
4447
4390
4332
4274
4216
4157
4098
4039
3980
3920
3860
3800
3740
3679
3618
3557
3496
3435
3374
3312
3251
3189
3128
3066
3004
2943
2881
2819
2758
2696
2635
2573
2512
2450
2389
2328
2267
2206
2146
2086
2025
1965
1906
1846
1787
1728
1669
1611
1552
1494
1437
1380
1323
1266
1210
1155
1099
1044
990
936
882
829
776
724
672
621
570
520
470
421
372
324
276
229
183
137
92
47
3
-41
-84
-126
-168
-209
-249
-289
-328
-366
-404
-441
-478
-514
-549
-583
-617
-650
-682
-714
-745
-775
-805
-833
-862
-889
-916
-942
-967
-991
-1015
-1038
-1061
-1083
-1104
-1124
-1143
-1162
-1180
-1198
-1215
-1231
-1246
-1260
-1274
-1287
-1300
-1312
-1323
-1333
-1343
-1352
-1360
-1368
-1375
-1381
-1387
-1392
-1397
-1400
-1404
-1406
-1408
-1409
-1410
-1410
-1409
-1408
-1406
-1404
-1401
-1397
-1393
-1389
-1383
-1378
-1371
-1365
-1357
-1349
-1341
-1332
-1323
-1313
-1303
-1292
-1281
-1269
-1257
-1245
-1232
-1219
-1205
-1191
-1177
-1162
-1147
-1131
-1115
-1099
-1082
-1066
-1048
-1031
-1013
-995
-977
-958
-940
-921
-901
-882
-862
-842
-822
-802
-782
-761
-741
-720
-699
-678
-657
-635
-614
-593
-571
-549
-528
-506
-484
-463
-441
-419
-397
-376
-354
-332
-311
-289
-268
-246
-225
-203
-182
-161
-140
-119
-98
-77
-57
-37
-16
4
24
44
63
83
102
121
140
158
177
195
213
230
248
265
282
299
315
332
348
363
379
394
409
423
437
451
465
478
491
504
516
529
540
552
563
574
584
594
604
614
623
632
640
648
656
664
671
677
684
690
696
701
706
711
715
720
723
727
730
732
735
737
739
740
741
742
742
742
742
742
741
740
738
736
734
732
729
726
723
719
716
712
707
702
698
692
687
681
675
669
663
656
649
642
635
627
619
611
603
594
586
577
568
559
550
540
530
521
510
500
490
480
469
458
448
437
426
414
403
392
380
369
357
346
334
322
310
298
286
274
262
250
238
226
214
202
190
177
165
153
141
129
117
105
93
81
69
57
45
34
22
10
-1
-13
-24
-35
-46
-58
-69
-79
-90
-101
-111
-122
-132
-142
-153
-162
-172
-182
-191
-201
-210
-219
-228
-237
-245
-254
-262
-270
-278
-286
-294
-301
-308
-315
-322
-329
-335
-342
-348
-354
-360
-365
-371
-376
-381
-386
-390
-395
-399
-403
-407
-410
-414
-417
-420
-423
-425
-428
-430
-432
-434
-435
-437
-438
-439
-440
-441
-441
-441
-441
-441
-441
-440
-440
-439
-438
-437
-435
-434
-432
-430
-428
-426
-423
-421
-418
-415
-412
-409
-405
-402
-398
-394
-390
-386
-382
-377
-373
-368
-363
-358
-353
-348
-343
-338
-332
-327
-321
-315
-309
-303
-297
-291
-285
-278
-272
-265
-259
-252
-246
-239
-232
-225
-218
-211
-204
-197
-190
-183
-176
-169
-161
-154
-147
-140
-132
-125
-118
-110
-103
-96
-89
-81
-74
-67
-60
-52
-45
-38
-31
-24
-17
-10
-3
4
11
18
25
32
38
45
52
58
64
71
77
83
90
96
102
107
113
119
125
130
136
141
146
152
157
162
167
171
176
181
185
190
194
198
202
206
210
213
217
221
224
227
230
233
236
239
242
244
247
249
251
253
255
257
259
260
262
263
264
265
266
267
268
269
269
269
270
270
270
270
270
269
269
269
268
267
266
265
264
263
262
261
259
258
256
254
252
250
248
246
244
242
240
237
235
232
229
226
224
221
218
215
211
208
205
202
198
195
191
188
184
180
177
173
169
165
161
157
153
149
145
141
137
133
129
125
121
116
112
108
103
99
95
91
86
82
78
73
69
65
60
56
52
47
43
39
35
30
26
22
18
14
9
5
1
-3
-7
-11
-15
-19
-22
-26
-30
-34
-38
-41
-45
-48
-52
-55
-59
-62
-66
-69
-72
-75
-78
-81
-84
-87
-90
-93
-96
-98
-101
-104
-106
-109
-111
-113
-115
-118
-120
-122
-124
-126
-127
-129
-131
-132
-134
-135
-137
-138
-139
-141
-142
-143
-144
-145
-146
-146
-147
-148
-148
-149
-149
-150
-150
-150
-150
-150
-150
-150
-150
-150
-150
-149
-149
-149
-148
-147
-147
-146
-145
-145
-144
-143
-142
-141
-140
-139
-137
-136
-135
-133
-132
-131
-129
-128
-126
-124
-123
-121
-119
-117
-115
-114
-112
-110
-108
-106
-104
-102
-99
-97
-95
-93
-91
-88
-86
-84
-81
-79
-77
-74
-72
-69
-67
-64
-62
-60
-57
-55
-52
-49
-47
-44
-42
-39
-37
-34
-32
-29
-27
-24
-21
-19
-16
-14
-11
-9
-6
-4
-1
1
4
6
8
11
13
16
18
20
23
25
27
29
32
34
36
38
40
42
45
47
49
51
53
55
56
58
60
62
64
65
67
69
70
72
74
75
77
78
80
81
82
84
85
86
87
88
90
91
92
93
94
95
96
96
97
98
99
99
100
101
101
102
102
103
103
104
104
104
105
105
105
105
106
106
106
106
106
106
106
105
105
105
105
105
104
104
104
103
103
103
102
102
101
101
100
100
99
98
98
97
96
95
95
94
93
92
91
90
90
89
88
87
86
85
84
83
82
81
80
78
77
76
75
74
73
72
71
69
68
67
66
65
63
62
61
60
58
57
56
55
53
52
51
50
48
47
46
45
43
42
41
40
38
37
36
35
33
32
31
30
28
27
26
25
24
22
21
20
19
18
17
16
14
13
12
11
10
9
8
7
6
5
4
3
2
1
0
-1
-2
-3
-3
-4
-5
-6
-7
-8
-8
-9
-10
-11
-11
-12
-13
-13
-14
-15
-15
-16
-17
-17
-18
-18
-19
-19
-20
-20
-21
-21
-22
-22
-22
-23
-23
-24
-24
-24
-25
-25
-25
-25
-26
-26
-26
-26
-27
-27
-27
-27
-27
-27
-27
-27
-28
-28
-28
-28
-28
-28
-28
-28
-28
-28
-28
-28
-28
-28
-27
-27
-27
-27
-27
-27
-27
-27
-27
-26
-26
-26
-26
-26
-25
-25
-25
-25
-25
-24
-24
-24
-24
-24
-23
-23
-23
-22
-22
-22
-22
-21
-21
-21
-21
-20
-20
-20
-19
-19
-19
-19
-18
-18
-18
-17
-17
-17
-16
-16
-16
-15
-15
-15
-14
-14
-13
-13
-13
-12
-12
-12
-11
-12
-11
-10
-11
-9
-10
-10
-7
-12
-11
-11
-137