-17160
-1327
-1392
-1479
-925
-1241
-1207
-1154
-1352
-1309
-1364
-1470
-1433
-1518
-1552
-1551
-1627
-1644
-1674
-1748
-1760
-1824
-1876
-1905
-1968
-2008
-2039
-2100
-2121
-2166
-2209
-2236
-2281
-2321
-2349
-2402
-2430
-2470
-2511
-2541
-2577
-2616
-2638
-2682
-2708
-2742
-2778
-2808
-2841
-2880
-2903
-2943
-2969
-2998
-3029
-3055
-3079
-3112
-3130
-3162
-3184
-3209
-3233
-3257
-3275
-3301
-3313
-3336
-3351
-3366
-3381
-3396
-3405
-3423
-3429
-3443
-3450
-3458
-3463
-3470
-3468
-3475
-3470
-3472
-3468
-3464
-3458
-3455
-3442
-3437
-3422
-3411
-3394
-3378
-3357
-3340
-3313
-3293
-3264
-3239
-3209
-3180
-3144
-3114
-3073
-3039
-2995
-2954
-2907
-2863
-2811
-2765
-2708
-2658
-2600
-2544
-2482
-2422
-2354
-2292
-2219
-2152
-2076
-2003
-1924
-1849
-1765
-1687
-1598
-1515
-1424
-1336
-1240
-1149
-1048
-953
-849
-749
-643
-539
-429
-323
-207
-98
21
135
256
375
500
621
750
874
1005
1133
1266
1397
1534
1666
1808
1944
2087
2226
2372
2513
2661
2803
2954
3098
3250
3397
3550
3699
3855
4005
4163
4315
4473
4626
4785
4938
5098
5251
5412
5567
5727
5883
6044
6199
6361
6515
6676
6830
6989
7142
7301
7453
7611
7762
7918
8069
8223
8371
8524
8670
8821
8963
9111
9252
9396
9534
9676
9810
9950
10081
10217
10344
10476
10599
10726
10844
10967
11081
11198
11308
11421
11525
11634
11732
11835
11928
12024
12111
12201
12281
12365
12439
12516
12584
12654
12715
12779
12832
12889
12934
12982
13021
13060
13091
13123
13145
13170
13184
13200
13207
13214
13211
13210
13198
13188
13167
13147
13118
13089
13050
13013
12965
12918
12861
12805
12738
12672
12595
12519
12432
12348
12252
12157
12052
11948
11833
11720
11595
11471
11337
11203
11059
10917
10763
10611
10448
10287
10115
9945
9764
9584
9394
9206
9006
8808
8600
8394
8177
7963
7738
7516
7283
7053
6813
6574
6326
6080
5824
5571
5308
5048
4779
4512
4237
3965
3683
3405
3118
2834
2541
2252
1954
1660
1358
1060
754
452
142
-163
-476
-784
-1100
-1411
-1729
-2042
-2362
-2677
-2998
-3313
-3635
-3951
-4272
-4589
-4910
-5226
-5547
-5862
-6182
-6496
-6814
-7125
-7440
-7748
-8061
-8365
-8674
-8976
-9281
-9578
-9878
-10171
-10466
-10753
-11043
-11323
-11606
-11880
-12156
-12423
-12692
-12951
-13212
-13463
-13716
-13958
-14202
-14435
-14669
-14891
-15115
-15327
-15540
-15742
-15944
-16134
-16325
-16503
-16682
-16848
-17014
-17167
-17320
-17459
-17598
-17725
-17849
-17962
-18073
-18171
-18267
-18350
-18432
-18500
-18565
-18618
-18667
-18703
-18737
-18757
-18775
-18779
-18780
-18767
-18752
-18722
-18690
-18643
-18593
-18529
-18461
-18379
-18295
-18195
-18093
-17977
-17857
-17723
-17586
-17434
-17279
-17110
-16937
-16749
-16559
-16354
-16146
-15924
-15699
-15460
-15218
-14961
-14702
-14429
-14152
-13862
-13569
-13262
-12953
-12630
-12305
-11966
-11626
-11272
-10916
-10547
-10176
-9793
-9407
-9009
-8609
-8197
-7784
-7359
-6934
-6497
-6058
-5609
-5160
-4698
-4237
-3765
-3293
-2811
-2330
-1838
-1347
-847
-348
160
666
1182
1695
2217
2737
3265
3790
4323
4853
5389
5922
6462
6997
7539
8076
8619
9157
9701
10239
10783
11320
11862
12398
12937
13469
14005
14533
15064
15588
16114
16632
17152
17664
18176
18680
19184
19679
20173
20658
21143
21617
22090
22552
23014
23463
23912
24348
24782
25204
25623
26028
26431
26820
27206
27578
27946
28300
28650
28985
29315
29630
29940
30234
30522
30794
31060
31310
31554
31780
32000
32204
32400
32579
32750
32903
33049
33177
33296
33397
33490
33564
33630
33677
33715
33734
33744
33735
33717
33679
33632
33565
33488
33392
33286
33160
33025
32869
32704
32519
32324
32109
31884
31639
31384
31108
30823
30518
30203
29868
29523
29159
28785
28392
27988
27566
27133
26682
26220
25740
25251
24743
24226
23690
23146
22584
22013
21425
20828
20214
19592
18952
18305
17642
16971
16284
15591
14882
14166
13436
12699
11948
11191
10420
9644
8854
8060
7253
6442
5619
4793
3954
3114
2261
1407
543
-324
-1200
-2076
-2963
-3849
-4743
-5637
-6538
-7438
-8345
-9250
-10161
-11070
-11984
-12894
-13809
-14720
-15635
-16544
-17457
-18364
-19273
-20175
-21078
-21974
-22871
-23760
-24648
-25528
-26406
-27275
-28142
-28998
-29851
-30692
-31530
-32356
-33177
-33986
-34789
-35578
-36362
-37131
-37893
-38639
-39378
-40100
-40814
-41511
-42199
-42869
-43529
-44170
-44801
-45413
-46013
-46593
-47162
-47709
-48243
-48757
-49256
-49733
-50197
-50637
-51063
-51466
-51853
-52217
-52564
-52887
-53194
-53475
-53740
-53978
-54199
-54395
-54572
-54723
-54855
-54961
-55048
-55107
-55148
-55161
-55154
-55119
-55064
-54981
-54878
-54747
-54595
-54415
-54215
-53985
-53736
-53457
-53157
-52829
-52479
-52101
-51701
-51273
-50824
-50346
-49847
-49320
-48771
-48195
-47598
-46972
-46326
-45651
-44957
-44234
-43491
-42721
-41932
-41115
-40279
-39417
-38535
-37628
-36701
-35750
-34780
-33784
-32772
-31734
-30680
-29602
-28508
-27390
-26257
-25102
-23932
-22740
-21533
-20306
-19065
-17804
-16531
-15238
-13933
-12611
-11277
-9927
-8567
-7190
-5804
-4403
-2994
-1571
-141
1302
2751
4213
5678
7155
8634
10124
11616
13116
14618
16127
17635
19151
20664
22183
23699
25218
26733
28251
29763
31276
32783
34289
35788
37284
38772
40257
41731
43200
44658
46109
47548
48979
50395
51803
53195
54577
55942
57296
58631
59954
61256
62544
63811
65063
66291
67503
68692
69862
71007
72132
73232
74310
75362
76391
77391
78368
79315
80237
81129
81994
82827
83634
84407
85153
85864
86546
87193
87809
88390
88939
89450
89930
90371
90779
91149
91484
91780
92041
92262
92447
92591
92698
92764
92793
92779
92727
92633
92501
92325
92111
91853
91556
91214
90834
90408
89944
89434
88884
88289
87655
86975
86256
85491
84686
83837
82947
82012
81038
80018
78959
77854
76711
75523
74297
73026
71717
70365
68974
67540
66069
64556
63005
61413
59785
58115
56411
54666
52886
51068
49216
47326
45403
43443
41452
39424
37366
35273
33151
30995
28811
26595
24353
22080
19781
17454
15103
12723
10322
7895
5446
2974
482
-2032
-4564
-7116
-9684
-12271
-14871
-17489
-20118
-22762
-25417
-28085
-30760
-33447
-36139
-38840
-41545
-44256
-46969
-49687
-52404
-55124
-57841
-60558
-63269
-65979
-68682
-71380
-74068
-76749
-79419
-82079
-84724
-87358
-89975
-92579
-95162
-97730
-100277
-102804
-105307
-107789
-110244
-112676
-115078
-117455
-119800
-122116
-124398
-126650
-128865
-131047
-133190
-135297
-137363
-139390
-141374
-143317
-145214
-147069
-148874
-150635
-152345
-154007
-155616
-157176
-158680
-160132
-161527
-162867
-164147
-165371
-166533
-167636
-168676
-169655
-170568
-171418
-172201
-172919
-173567
-174148
-174658
-175099
-175467
-175765
-175988
-176138
-176212
-176213
-176135
-175982
-175750
-175440
-175050
-174582
-174030
-173400
-172686
-171891
-171011
-170050
-169003
-167873
-166656
-165355
-163967
-162494
-160933
-159285
-157549
-155726
-153814
-151815
-149726
-147549
-145283
-142928
-140483
-137950
-135326
-132614
-129811
-126920
-123937
-120867
-117706
-114457
-111117
-107691
-104174
-100569
-96876
-93095
-89226
-85270
-81226
-77096
-72879
-68578
-64190
-59719
-55162
-50523
-45799
-40994
-36106
-31138
-26089
-20960
-15751
-10466
-5101
339
5855
11446
17111
22848
28659
34539
40491
46511
52600
58755
64977
71262
77613
84024
90497
97030
103621
110270
116975
123734
130548
137413
144330
151295
158309
165368
172474
179621
186812
194043
201313
208620
215964
223341
230752
238193
245665
253164
260689
268239
275812
283405
291019
298649
306297
313958
321632
329317
337011
344712
352419
360129
367841
375553
383264
390971
398673
406366
414052
421726
429389
437036
444668
452281
459874
467445
474993
482515
490010
497475
504909
512311
519678
527008
534301
541553
548764
555930
563052
570126
577151
584125
591047
597914
604726
611480
618175
624808
631379
637885
644326
650699
657002
663234
669394
675479
681490
687422
693276
699050
704742
710351
715876
721314
726665
731927
737099
742179
747166
752059
756857
761558
766161
770665
775069
779371
783571
787668
791659
795545
799324
802995
806557
810009
813351
816582
819701
822706
825597
828374
831035
833581
836009
838320
840513
842587
844542
846377
848092
849687
851160
852513
853743
854852
855838
856701
857441
858058
858552
858923
859170
859293
859293
859170
858923
858552
858058
857441
856701
855838
854852
853743
852513
851160
849687
848092
846377
844542
842587
840513
838320
836009
833581
831035
828374
825597
822706
819701
816582
813351
810009
806557
802995
799324
795545
791659
787668
783571
779371
775069
770665
766161
761558
756857
752059
747166
742179
737099
731927
726665
721314
715876
710351
704742
699050
693276
687422
681490
675479
669394
663234
657002
650699
644326
637885
631379
624808
618175
611480
604726
597914
591047
584125
577151
570126
563052
555930
548764
541553
534301
527008
519678
512311
504909
497475
490010
482515
474993
467445
459874
452281
444668
437036
429389
421726
414052
406366
398673
390971
383264
375553
367841
360129
352419
344712
337011
329317
321632
313958
306297
298649
291019
283405
275812
268239
260689
253164
245665
238193
230752
223341
215964
208620
201313
194043
186812
179621
172474
165368
158309
151295
144330
137413
130548
123734
116975
110270
103621
97030
90497
84024
77613
71262
64977
58755
52600
46511
40491
34539
28659
22848
17111
11446
5855
339
-5101
-10466
-15751
-20960
-26089
-31138
-36106
-40994
-45799
-50523
-55162
-59719
-64190
-68578
-72879
-77096
-81226
-85270
-89226
-93095
-96876
-100569
-104174
-107691
-111117
-114457
-117706
-120867
-123937
-126920
-129811
-132614
-135326
-137950
-140483
-142928
-145283
-147549
-149726
-151815
-153814
-155726
-157549
-159285
-160933
-162494
-163967
-165355
-166656
-167873
-169003
-170050
-171011
-171891
-172686
-173400
-174030
-174582
-175050
-175440
-175750
-175982
-176135
-176213
-176212
-176138
-175988
-175765
-175467
-175099
-174658
-174148
-173567
-172919
-172201
-171418
-170568
-169655
-168676
-167636
-166533
-165371
-164147
-162867
-161527
-160132
-158680
-157176
-155616
-154007
-152345
-150635
-148874
-147069
-145214
-143317
-141374
-139390
-137363
-135297
-133190
-131047
-128865
-126650
-124398
-122116
-119800
-117455
-115078
-112676
-110244
-107789
-105307
-102804
-100277
-97730
-95162
-92579
-89975
-87358
-84724
-82079
-79419
-76749
-74068
-71380
-68682
-65979
-63269
-60558
-57841
-55124
-52404
-49687
-46969
-44256
-41545
-38840
-36139
-33447
-30760
-28085
-25417
-22762
-20118
-17489
-14871
-12271
-9684
-7116
-4564
-2032
482
2974
5446
7895
10322
12723
15103
17454
19781
22080
24353
26595
28811
30995
33151
35273
37366
39424
41452
43443
45403
47326
49216
51068
52886
54666
56411
58115
59785
61413
63005
64556
66069
67540
68974
70365
71717
73026
74297
75523
76711
77854
78959
80018
81038
82012
82947
83837
84686
85491
86256
86975
87655
88289
88884
89434
89944
90408
90834
91214
91556
91853
92111
92325
92501
92633
92727
92779
92793
92764
92698
92591
92447
92262
92041
91780
91484
91149
90779
90371
89930
89450
88939
88390
87809
87193
86546
85864
85153
84407
83634
82827
81994
81129
80237
79315
78368
77391
76391
75362
74310
73232
72132
71007
69862
68692
67503
66291
65063
63811
62544
61256
59954
58631
57296
55942
54577
53195
51803
50395
48979
47548
46109
44658
43200
41731
40257
38772
37284
35788
34289
32783
31276
29763
28251
26733
25218
23699
22183
20664
19151
17635
16127
14618
13116
11616
10124
8634
7155
5678
4213
2751
1302
-141
-1571
-2994
-4403
-5804
-7190
-8567
-9927
-11277
-12611
-13933
-15238
-16531
-17804
-19065
-20306
-21533
-22740
-23932
-25102
-26257
-27390
-28508
-29602
-30680
-31734
-32772
-33784
-34780
-35750
-36701
-37628
-38535
-39417
-40279
-41115
-41932
-42721
-43491
-44234
-44957
-45651
-46326
-46972
-47598
-48195
-48771
-49320
-49847
-50346
-50824
-51273
-51701
-52101
-52479
-52829
-53157
-53457
-53736
-53985
-54215
-54415
-54595
-54747
-54878
-54981
-55064
-55119
-55154
-55161
-55148
-55107
-55048
-54961
-54855
-54723
-54572
-54395
-54199
-53978
-53740
-53475
-53194
-52887
-52564
-52217
-51853
-51466
-51063
-50637
-50197
-49733
-49256
-48757
-48243
-47709
-47162
-46593
-46013
-45413
-44801
-44170
-43529
-42869
-42199
-41511
-40814
-40100
-39378
-38639
-37893
-37131
-36362
-35578
-34789
-33986
-33177
-32356
-31530
-30692
-29851
-28998
-28142
-27275
-26406
-25528
-24648
-23760
-22871
-21974
-21078
-20175
-19273
-18364
-17457
-16544
-15635
-14720
-13809
-12894
-11984
-11070
-10161
-9250
-8345
-7438
-6538
-5637
-4743
-3849
-2963
-2076
-1200
-324
543
1407
2261
3114
3954
4793
5619
6442
7253
8060
8854
9644
10420
11191
11948
12699
13436
14166
14882
15591
16284
16971
17642
18305
18952
19592
20214
20828
21425
22013
22584
23146
23690
24226
24743
25251
25740
26220
26682
27133
27566
27988
28392
28785
29159
29523
29868
30203
30518
30823
31108
31384
31639
31884
32109
32324
32519
32704
32869
33025
33160
33286
33392
33488
33565
33632
33679
33717
33735
33744
33734
33715
33677
33630
33564
33490
33397
33296
33177
33049
32903
32750
32579
32400
32204
32000
31780
31554
31310
31060
30794
30522
30234
29940
29630
29315
28985
28650
28300
27946
27578
27206
26820
26431
26028
25623
25204
24782
24348
23912
23463
23014
22552
22090
21617
21143
20658
20173
19679
19184
18680
18176
17664
17152
16632
16114
15588
15064
14533
14005
13469
12937
12398
11862
11320
10783
10239
9701
9157
8619
8076
7539
6997
6462
5922
5389
4853
4323
3790
3265
2737
2217
1695
1182
666
160
-348
-847
-1347
-1838
-2330
-2811
-3293
-3765
-4237
-4698
-5160
-5609
-6058
-6497
-6934
-7359
-7784
-8197
-8609
-9009
-9407
-9793
-10176
-10547
-10916
-11272
-11626
-11966
-12305
-12630
-12953
-13262
-13569
-13862
-14152
-14429
-14702
-14961
-15218
-15460
-15699
-15924
-16146
-16354
-16559
-16749
-16937
-17110
-17279
-17434
-17586
-17723
-17857
-17977
-18093
-18195
-18295
-18379
-18461
-18529
-18593
-18643
-18690
-18722
-18752
-18767
-18780
-18779
-18775
-18757
-18737
-18703
-18667
-18618
-18565
-18500
-18432
-18350
-18267
-18171
-18073
-17962
-17849
-17725
-17598
-17459
-17320
-17167
-17014
-16848
-16682
-16503
-16325
-16134
-15944
-15742
-15540
-15327
-15115
-14891
-14669
-14435
-14202
-13958
-13716
-13463
-13212
-12951
-12692
-12423
-12156
-11880
-11606
-11323
-11043
-10753
-10466
-10171
-9878
-9578
-9281
-8976
-8674
-8365
-8061
-7748
-7440
-7125
-6814
-6496
-6182
-5862
-5547
-5226
-4910
-4589
-4272
-3951
-3635
-3313
-2998
-2677
-2362
-2042
-1729
-1411
-1100
-784
-476
-163
142
452
754
1060
1358
1660
1954
2252
2541
2834
3118
3405
3683
3965
4237
4512
4779
5048
5308
5571
5824
6080
6326
6574
6813
7053
7283
7516
7738
7963
8177
8394
8600
8808
9006
9206
9394
9584
9764
9945
10115
10287
10448
10611
10763
10917
11059
11203
11337
11471
11595
11720
11833
11948
12052
12157
12252
12348
12432
12519
12595
12672
12738
12805
12861
12918
12965
13013
13050
13089
13118
13147
13167
13188
13198
13210
13211
13214
13207
13200
13184
13170
13145
13123
13091
13060
13021
12982
12934
12889
12832
12779
12715
12654
12584
12516
12439
12365
12281
12201
12111
12024
11928
11835
11732
11634
11525
11421
11308
11198
11081
10967
10844
10726
10599
10476
10344
10217
10081
9950
9810
9676
9534
9396
9252
9111
8963
8821
8670
8524
8371
8223
8069
7918
7762
7611
7453
7301
7142
6989
6830
6676
6515
6361
6199
6044
5883
5727
5567
5412
5251
5098
4938
4785
4626
4473
4315
4163
4005
3855
3699
3550
3397
3250
3098
2954
2803
2661
2513
2372
2226
2087
1944
1808
1666
1534
1397
1266
1133
1005
874
750
621
500
375
256
135
21
-98
-207
-323
-429
-539
-643
-749
-849
-953
-1048
-1149
-1240
-1336
-1424
-1515
-1598
-1687
-1765
-1849
-1924
-2003
-2076
-2152
-2219
-2292
-2354
-2422
-2482
-2544
-2600
-2658
-2708
-2765
-2811
-2863
-2907
-2954
-2995
-3039
-3073
-3114
-3144
-3180
-3209
-3239
-3264
-3293
-3313
-3340
-3357
-3378
-3394
-3411
-3422
-3437
-3442
-3455
-3458
-3464
-3468
-3472
-3470
-3475
-3468
-3470
-3463
-3458
-3450
-3443
-3429
-3423
-3405
-3396
-3381
-3366
-3351
-3336
-3313
-3301
-3275
-3257
-3233
-3209
-3184
-3162
-3130
-3112
-3079
-3055
-3029
-2998
-2969
-2943
-2903
-2880
-2841
-2808
-2778
-2742
-2708
-2682
-2638
-2616
-2577
-2541
-2511
-2470
-2430
-2402
-2349
-2321
-2281
-2236
-2209
-2166
-2121
-2100
-2039
-2008
-1968
-1905
-1876
-1824
-1760
-1748
-1674
-1644
-1627
-1551
-1552
-1518
-1433
-1470
-1364
-1309
-1352
-1154
-1207
-1241
-925
-1479
-1392
-1327
-17160